    10000******    1620 IPL-V PROGRAMMING SYSTEM   ******
     13920    ABS    14100
     13220    ADJ    13120 13140 13220 13220 13230 13240 13240
     21640    ADV    22710
     21760    ADV1   21640 21730 22060 30080
     17980    AHEAD  17870 17890 17940 18280 18300
     25260    AIND   25530 26030 27910
     21650    ASCND  21740 21880 21920 30030
     11491    ASTRK  11492 15138 18600
     15400    ATBL   15990
     25990    ATYPE  25830
     28370    BCT2   28310 28330
     10520    BIND   12090 14110 16710 17080 17130 17850 18000 18180 18190 18490
                     18510 18690 18710 18801
     25450    BLOT   24950
     10400    CCARD  19270 19310 19320 19330 19330 19340 19340 19350 19360 19370
                     19380 19400 19410 19420 19420 19450 19460 19480 19500 19520
                     19520 19530 19540 19550 19560 19590 19610 19640 19640 19650
                     19660 19670 19680 19710 19720 19730 19740 19750 19760 19770
                     19790 19790
     10480    CDNO   11470 11480 15120 18580 18590
     13110    CHECK  13210
     17820    CKIPL  16040
     19450    CKRMK  19280 19310 19320
     16710    CK2    15760 15860 15875
     17010    CK3    15810 15920 15935
     27230    CLEAR  24350 27230 27240 27250 27260 36050 36260 36320 36390
     10040    CLREC  11360 17873 27240
     13790    CM69   13870
     24800    COM    24820 24830 24830 24860 24870 24890 24980 24990 25040 25050
                     35890
     19240    COMPR  12030 12220
     24930    COM1   35900
     25040    COM2   24880
     35980    COUNT  35710 35740 35880
     10605    DAIND  11521 12455 18925
     18880    DATA   18750 18770
     27940    DAT1   27910 27920
     22020    DECND  22010 22310 22520 22660
     12955    DIGIT  12960 13090
     27360    DOIT   27370 27580 27600 27620
     16490    DREG1  16010
     21580    D1     21590 22080 22130
     23280    D2     21850 21990 22250 22500 22560 22570 22640 22650 22660 22670
                     22840 23180 23330 23420 23440 23490 23520 23570 23580 23590
                     24530 24630 24670 24680 24740 25000 26090 26120 26230 26320
                     26870 26880 26890 26900 26910 26950 26960 28050 28060 28070
                     28080 28090 28120 28130 28140 28160 28200 30120 30130 30220
                     30230 30250 30260 30290 30300 30500 30510 30680 31100 31110
                     31210 31290 31640 31700 35670 35700 35830 35870 36060 36960
                     36980 36990 37030 37050 37220 37230 37240 37250 37260 37320
                     37330 37380 37390 37440 37480 37570 37580 37590 37760 37780
     23500    D3     22760 22800 23360 23400 23410 23420 23430 23440 23490 23540
                     23570 25650 25660 25670 25700 25720 25730 25820 25840 25850
                     25880 25890 25900 25930 25940 25950 25990 26010 26100 26130
                     26500 26530 27160 27170 27180 27190 30760 30770 31230 31240
                     31310 31320 31650 31660 31690 31690 31700 31720 31740 34980
                     34990 35100 35110 35170 35180 35200
     24640    D4     23330 23340 23350 23430 24660 24680 24710 24720 24740 24770
                     24800 24870 24890 24900 25540 25560 25580 25600 25630 25650
                     26250 26290 26490 26500 26510 26520 27520 27560 27890 34150
                     34170 35620 35630 35660 35690 35760 35820 35860 35920 36090
                     37440 37450 37460 37470 37480
     25070    D5     23650 23660 23680 25080 25550 25670 25680 25730 25750 25860
                     25870 25910 25920 25930 25950 26010 26020 26050 26050 26070
                     26080 26090 26110 26120 26140 26270 26310 27360 27390 27410
                     27940 28380 28390 31130 31140 31800 31810 31890 31900 31910
                     31940 32500 32510 32520 32650 32660 32670 32800 32820 32830
                     32840 32980 33190 33280 33370 33460 33550 33640 33710 33750
                     33800 33820 34230 34240 34260 34270 34280 34280 34390 34410
                     34420 34460 34470 34590 34600 34610 34630 34640 35300 35310
                     35360 35370 35380 35820 35860 36110
     25080    D6     27450 27460 27470 27680 27800 27830 27840 30200 30260 30650
                     30670 30690 30700 30740 30750 30770 30790 30800 31110 31140
                     31210 31230 31290 31320 31430 31530 31550 31590 32150 32190
                     32200 32290 32310 32320 32330 32340 32500 32650 32800 32990
                     33190 33280 33370 34420 35830 35870 37090 37100 37630 37640
                     37660
     10610    EMPTY  15050
     10495    ERCNT  11522 15132 15133 15135 17871 18605
     24050    ERH2   23290
     24100    ERROR  21510 23080 24060 24080 24170 30360
     15730    ET2CK  11990
     15770    ET3CK  15740 15770
     18060    EXIPL  18000 18020 18240
     14390    EXIT   13980 13991 13993 14040 14240 14330 15060 19830 19840 19845
                     19850 19860
     14680    EXIT1  14930
     15060    EXIT2  14710
     21840    EXIT6  21710 27780 30830 36730
     25240    FIND   25960 27930
     18640    FINDS  18190
     19090    FLOAT  18930
     13340    FNEXT  12780 13350 13370
     14270    FOUND  14190
     10170    FRMK   11020 19360
     15940    FSTT5  15900
     25820    FTYPE  25710
     21770    GCELL  30700 30740
     27620    GET1   27440 33440 33530 33620 34050
     27600    GET2   27510 33170 33260 33350 34360
     27560    GET3   27530 32470 32620 32770 32950
     16270    GH2A   16170 16180
     16290    GH2B   16330 16340 16380 16430
     16170    GH2C   16250 16330 16340
     16190    GH2D   16120
     16240    GH2E   16300 16360 16440
     16380    GH2F   16310
     15320    GOGO   15375 21250
     10210    HIREG  16011 16025 16290 16830 16850 24720
     17490    HOLD1  17260 17270 17290 17300 17310 17320 17340 17410 17440 17450
                     17500 17540 17580
     14160    HOLD2  13770 13780 13860 13880 13900 13920 14080 14180 14230 19350
                     19380 19720 19750
     20710    H0     11310 20080 20720 21340 21350 21390 21400 22690 22700 22750
                     22760 22880 22920 26220 26240 26250 26490 26510 26520 26530
                     26700 26730 26740 26810 26840 26870 26920 26960 27000 27040
                     27140 27150 27170 27180 27310 27320 27330 27360 27380 27450
                     27520 27560 27570 27670 27680 27690 27770 27890 28210 28220
                     28290 28300 28320 28340 28370 28380 30050 30070 30110 30130
                     30190 30200 30220 30230 30250 30290 30300 30430 30440 30450
                     30460 30480 30490 31090 31130 31200 31220 31240 31280 31300
                     31420 31430 31470 31530 31540 31590 31630 31650 31800 31870
                     31890 31940 32180 32200 32230 32240 32310 32360 32390 32520
                     32540 32550 32670 32690 32700 32840 32870 32880 33030 33090
                     33100 33710 33750 33800 33810 33820 33860 33910 33920 33950
                     33990 34040 34070 34240 34250 34270 34340 34350 34450 34540
                     34590 34700 34710 34760 34770 34890 34930 34970 34990 35050
                     35100 35160 35180 35300 35380 35400 35490 35510 35540 35580
                     36070 36090 36120 36180 36210 36470 36480 36500 36510 36560
                     36600 36610 36620 36630 36680 36770 36780 36840 36890 36900
                     36910 36960 36970 36990 37030 37040 37050 37090 37100 37110
                     37130 37160 37170 37220 37260 37300 37310 37330 37370 37390
                     37430 37460 37520 37530 37540 37560 37570 37630
     20720    H1     13600 20730 21490 21520 21650 21670 21690 21720 21780 21790
                     21840 21890 21900 22020 22030 22040 22150 22160 22180 22280
                     22290 22480 22490 22510 22530 22560 22570 23730 23770 23780
                     23790 24020 24540 26290 30500 30620 30630 36460 36570
     20880    H10    20890 21760 30420 30430 30650 30800 30870 30880 30890 30910
     20890    H11    20900 30490 30510 30520 30630
     20900    H12    20910 30820 30860
     20910    H13    20080 20920 27720 27810 27840 30540 30560
     20730    H2     14620 14640 14680 14690 14690 14880 14900 14980 15020 15030
                     15030 15060 15062 15063 15066 16310 16320 20740 23270 23300
                     23400 23410 23580 23590 25360 26730 26740 26900 26910
     25340    H2IND  21420 21460 23290 23310
     25370    H2SMB  21400
     16200    H2TMP  16060 16070 16080 16090 16140 16170 16180 16210 16240 16290
     20760    H3     21290 21450 21950 22300 24180 24360 24370 24380
     25310    H3IND
     24190    H3SMB  21350
     20770    H4
     20790    H5     22950 26370 26450 26470 26550 26610 26640 27700 30820 30860
                     31360 31380 31390 36450 36540 36690 37120 37180
     20810    H6     21570 23880 24260
     20830    H7     20840 27800 27810 27820 30530 30540 30550 36580 36720
     27800    H7FIX  27850 30640 30830
     20860    H8     24350 36050 36260 36320
     20870    H9     20880 30660 30680 30760 30780
     11380    IAMES  11070
     25250    IIND   25790 27920
     10830    ILLOP  18160
     10840    ILLP   11660
     10850    ILLQ   11880 17040
     13300    INCR   12820
     10640    INSTR  12180 12190 12440 12441 12450 12460 12490 12760 12770 12880
                     12890 13570 13580 13990 16011 16023 16025 16530 16540 16550
                     16560 16570 16760 16830 16850 16890 16900 16900 16910 16970
                     16980 17010 17210 17260 17320 17540 17580 17610 17670 18110
                     18120 18130 18140 18200 18640 18680 18700 18731 18790 18792
                     18802 18820 18850 18880 18890 18900 18910 18930 18940 18950
                     18980 18990 19020 19030 19060 19150 19160 19170 19180 19190
                     19200
     21620    INTP
     21450    INTQ   21360 21810 22470 30720 36590 37830
     21470    INTQA  21370
     21490    INTQB  21300 21320
     21290    INTQC  21480
     21320    INTQD  21470
     21370    INTQE  21460
     10290    IN1    10310 10320 10330 10340 10350 10360 11150 11160 11470 11490
                     11510 11520 11540 11940 11970 12420 12430 12440 12500 12550
                     12561 12563 12565 12720 13505 13530 13540 13550 13610 15180
                     15190 15320 15340 15730 15780 15830 15890 15940 16760 16770
                     17820 17910 18110 18120 18890
     10370    IN2    11170 11520 11910 11920 11930 12581 12581 12581 17210 17220
                     17830 17980 17990 18420 18520 18540 18580 18600 18610 19250
                     19260 19270 19300 19370 19390 19530 19540 19550 19560 19610
                     19650 19660 19670 19680 19710 19740 19770 19780 19785
     25700    ITYPE  25720 25760
     10200    IZERO  33990 34150
     26440    JJ0    20130 26440
     30030    JJ1
     30190    JJ10   30310 30370
     30240    JJ10A  30330
     30320    JJ10B  30270
     30370    JJ10C  30240
     30350    JJ10D  30280 30320
     30380    JJ10E  30350
     32140    JJ100  32250
     32280    JJ103
     32470    JJ110  32490 32530 32560
     32620    JJ111  32640 32680 32710
     32770    JJ112  32790 32860 32890
     32950    JJ113  32970 33070 33110
     33170    JJ114  33210 33220 33230
     33260    JJ115  33300 33310 33320
     33350    JJ116  33390 33400 33410
     33440    JJ117  33480 33490 33500
     33530    JJ118  33570 33580 33590
     33620    JJ119  33660 33670 33680
     33710    JJ120  33760
     33790    JJ121  33830
     33860    JJ122  33870
     33910    JJ123  33930 33960
     33990    JJ124  34000
     34040    JJ125  34080 34100
     34130    JJ126  34200
     34230    JJ127  34300 34310
     34340    JJ129  34480 34500
     34540    JJ130  34550 34560
     34590    JJ131  34620 34670
     34700    JJ132  34720 34730
     34760    JJ133  34810 34860
     34890    JJ134  34900
     34930    JJ136  34940
     34970    JJ137  35000
     35050    JJ138  35060
     35100    JJ147  35190
     35300    JJ149  35350
     35450    JJ150  35560
     36050    JJ151  36130 36200 36240
     36320    JJ152  36350
     36380    JJ154  36400
     30420    JJ17   30460 30570
     36430    JJ170  36490
     36760    JJ175  36820 36890 36920
     30600    JJ18
     30740    JJ18A  30610
     30860    JJ19   30920
     36960    JJ190  37000
     37030    JJ191  37060
     37090    JJ192  37190
     37220    JJ193  37270
     37300    JJ194  37340
     37370    JJ195  37400
     37430    JJ196  37490
     37520    JJ197  37600
     30110    JJ2    30150 30160
     27040    JJ20   20350 27050 27120
     37630    JJ200  37670 37710
     26450    JJ3    20170 26460 30980 31060 31170 33210 33300 33390 33480 33570
                     33660 37710
     26680    JJ3A   26370 26450 26640
     27070    JJ30   20380 27080
     26470    JJ4    20190 26480 30310 30970 31050 31160 31950 33220 33310 33400
                     33490 33580 33670 36920
     26600    JJ4A   26470 26610 27700
     27090    JJ40   20410 27100
     27110    JJ50   20440 27120 35470
     26490    JJ6    20220 26540 33790 34130 34140
     30960    JJ60   30970 30980
     31010    JJ61   31050 31060
     31090    JJ62   31160 31170
     31200    JJ63   31250
     31280    JJ64   31330
     31360    JJ66   31410 31440
     31470    JJ68   31490 31500
     26670    JJ7    10731 20240 26690
     27000    JJ71   20500 27020 35560
     31530    JJ75   31600
     31630    JJ77   31730 31770
     31800    JJ79   31830 31840
     26720    JJ8    20260 27510 30570 32000 32050 32100 37340 37400 37490 37600
     31870    JJ80   31880 31950
     31980    JJ81   31990 32000
     32030    JJ82   32040 32050
     32080    JJ83   32090 32100
     26730    JJ9    20280 26750 27020
     27140    JJ90   20580 27200 31560 31570 33720 33730 34140 34380 35460
     20140    JO     11260 17270 19825 20090 20310 20340 20370 20400 20430 20460
                     20470 20480 20490 20520 20560 20570 20600 20610 20620 20630
                     20640 20650 20660 20670 20680 20700 20970 20990 21010 21030
                     24770 35230 35370
     20150    J1
     20300    J10    36520 36640
     20600    J110   32570
     20610    J111   32720
     20620    J112   32900
     20630    J113   33120
     20640    J126
     20650    J130   34900
     20660    J151   35500
     20310    J17    20320 27710
     20690    J170   21360 21410 27340 32560 32710 32890 33110
     20560    J175   37140
     20320    J18    20330 32210 32370
     20330    J19    27780
     20360    J20
     20700    J202   20090 20710
     20180    J3     26670
     20390    J30
     20200    J4     21790 26590
     20420    J40
     20450    J50
     20230    J6
     20460    J60
     26810    J60SP  26820 26850 26930 30240 30280 30320 30960 31010 31020 31120
                     31980 32030 32080 32170 34160 37680
     20470    J62    31370
     20480    J64    31440
     20250    J7
     20510    J71
     20270    J8
     20520    J80    31990
     20530    J81    32040
     20540    J82    32090
     20550    J83
     20290    J9
     20590    J90
     10660    LADR   11440 11530 12200 12220 12240 12260 12430 12441 12900 13600
                     16800 17140 17860 18260
     14990    LAST   16090 16400
     10310    LBLC1  12690 12700 12710 12730 12740 12750 17120 17811 17840 17872
                     17873 17874 17875
     25100    LBLNK  24400 24510 25100 25110 25120 25130 25160 25750 25770 25780
     20840    LEVEL  21660 21830 22050 24410 24420 24460 24470
     10530    LIND   14460 18040 18810
     25230    LINK   21520 21640 21720 21730 21760 21780 22080 23000 23030 30070
     11440    LIST   12560 12582 12940 13630 16840 16860 17170 17190 17230 18720
                     18732 19210
     25150    LLBK   24390 24490 25740
     10710    LLL    14490 14500 14510 14540 14560 14570 14600 14610 14640 14650
                     14660 14670 14760 14770 14780 14800 14820 14830 14860 14870
                     14900 14910 14920 16100 16230 16270
     10360    LNKC1  11580 15285 16720 16920 17090 18500 18670 18950 18960 18980
     10780    LNKER  12480 16950 17391
     13400    LOAD   12680 13470
     14460    LOCAL  13890
     14630    LOCHI  14660 14700
     14890    LOCLO  11850 14700 14780 14920
     17420    LOUDF  16530 17480 17500 17570
     18740    LSTCK  18060 18080 18100
     14480    LTLU   14550
     35860    LTOUT  35810
     35620    LTRNS  35450 35620
     35990    LTRN1  35720 35730 35790 35800 35940
     36000    LTRN2  35730 35750 35760 35770 35780 35790 35920 35940 35950 35950
     35740    LTRN3  35960
     35920    LTRN4  35750
     14980    MAKE   15020 15040 15050 16460 18270
     19825    MARK   18191 18731 19825 19835 19845 19850 19855 19860 19865
     11050    MEM1
     11110    MEM2
     11150    MEM3
     36020    NINE   35440 35890
     10690    NMBR   12080 12760 12900 13580 13750 13760 13930 13950 13992 14010
                     14050 14270 14310 14480 14540 14570 14600 14680 14691 14800
                     14830 14860 16490 16890 16930 16951 16960 17140 17380 17400
                     17560 17860 17930 17940 17975 17977 18050 18191 18200 18680
     25510    NOGO   21500
     25480    NOH2   24050
     12550    NOTOK  17820
     24740    NOUT   24780 24840
     17790    NT9CD  15360
     25400    OUT    20850 20850 21970 21990 22230 22250 22450 22500 24120 24130
                     24230 24270 24290 24290 24310 24370 24400 24440 26210 26220
                     26230 26270 26310 26320 26360 26390 27940 28010 28050 28150
                     28200 28210 28230 28240 28250 35650 35670 35690 36060 36110
                     37750 37760 37780
     25200    P      21620
     10670    PBLK   12110 12590 12980 13010 15061 15062 15064 15065
     10330    PC1    11600 17180 19090 19110
     11670    PDO    11620
     12030    PD1    11630
     12060    PD3    11640
     23450    PEXIT  23190 23220 23380
     10732    PLINK  12880
     21800    PLUS   22950 26550 31380
     10930    PLUSS  15132 15134 15136 15137
     26700    POPHO  26620 26650 26710 26720 26750 27050 30060 30080 30370 31250
                     31330 31410 34200 35190 35350 36200 36240 36350 36590
     23490    POPUP  21670 21840 21910 22770 22810 23500 23630 26700 27000 27070
                     27380 27570 27770 30110 30480 30670 30780 30870 30910 31090
                     31200 31280 31470 31630 33810 34250 35400 35550 36120 36680
                     36700 36710 37160 37300 37370 37430 37520
     21870    PRIM5  21610
     28000    PRINT  28020 28170 28270 36130
     23270    PSHDN  21340 21390 22020 22170 22280 22480 22690 22850 23200 23280
                     23670 27090 27110 27140 27150 27310 27670 30420 30440 30620
                     30660 30750 31220 31300 31420 32230 32390 32540 32690 32870
                     33090 34040 34340 34970 35160 35510 36430 36440 36500 36600
                     36620 37130
     10160    PTERM  11260 11290 11300 17760 19140
     25270    PTIND  21680 23510 23530 23640 27010 31480
     11450    PUNCH  11960 11980 12450 12455 13520 15250 15305 15350
     23180    PUSH   23750 35840
     23220    PUSH1  23180 23230 23450 23730 23740 35800 35810
     22640    PO     21270 30060
     22690    P1     21270
     22740    P2     21270
     22800    P3     21270
     22840    P4     21270
     22880    P5     21280
     22910    P6     21280
     22950    P7     21280
     22990    P7BR   22960
     23070    P8     21280 23090 23100
     23090    P9     21280
     25210    Q      21530
     10340    QC1    11710 11780 17020 17050 17160 18460 18740 18760 19150
     11890    QD5    11810 11813 11840 11870 15295 15312
     22080    Q0     21270 22150 22540 22580 22610
     22120    Q1     21270
     22130    Q2     21270
     22150    Q3     21270
     22210    Q3B    22190
     22320    Q3C    22210 22270
     22440    Q3D    22360 22410
     22530    Q4     21270
     22560    Q4A    22530
     22600    Q5     21280
     23100    Q6     21280 23110 23120 23130
     23110    Q7     21280
     23120    Q8     21280
     23130    Q9     21280
     11530    READ   16470 18555 18560 18570 18620
     12960    RELOC  13180 13280 13342
     20100    RHIGH  14150 16380 16430 16600 24790 28300 28320 36760
     25350    RIND   24650 25010
     10180    RMK    11530 11700 12490 14670 15180 16590 16820 17880 19730 19760
                     23000 23320 26920 28140 31540 37560
     13650    RNCDO  13620
     24770    RSRCH  24730
     11560    RSWC1  12111 12112 12568 15300 16020
     11900    RSWC2  11550 11670 11670 11800 11812 11830 11860 12030 12060 12090
                     12120 12122 12990 13020 19240
     14150    RTLU   14090 14160 14210 16500 16770
     10680    RWD    14150 14170 14180 14200 14210 14290 14300 14340 14360 14370
                     16570 16580 16590 16600 16800 16810 16820
     21590    S      21940 22030 22090 22140 22640 22700 22740 22750 22800 22840
                     22880 22910 22920 22990 23030 26330 30050
     10570    SAIND  11820 13970
     23960    SETIT  23920 23930 24010 24020
     24350    SETUP  21960 22220 22440 24100 24560 26200 37740
     10230    SEVEN  24670
     10320    SGNC1  18070 18090 18440 19040
     25440    SHIFT  24920 24930 24940 24940 24950 24960 24970 24990 25000 35880
     24290    SHTYP  24250 24260
     14750    SINT   13970 14810
     23730    SIX    22270 22470 23770 30600 30610 32140 32280 36490 36550 36560
     20120    SPACE  13430 13440 13450 13490 13500 13510 23300 23320 23630 23670
     37740    SSO    37810
     19710    STIPL  19510
     15285    STSUB  11875
     15820    ST2CK  15790 15820
     15880    ST3CK  15840 15880
     13330    SUBER  12630 12650 13405
     12580    SUBR   12060
     12584    SUBR1  12580
     11525    SUBSW  12580 12581 12584 12971 13620
     11990    SWC1   11560 11950 15770 15820 15880 16040 17813 18320
     11940    SWC2   19430 19690 19800
     25220    SYMB   21880 22120 22130
     10350    SYMC1  11500 11680 11700 12070 12100 15750 15800 15850 15910 18170
                     18480 18800 18990 19030 19140
     21220    SYSTO  20050 21230
     21230    SYST4  10210 11230 11280 17410 20050
              TABLE  21540 21630
     23910    TCIND  23830 23960 24250
     24480    TEMP1  24450 24460 24500 24510 24520 24530
     22350    TEMP3  22320 22330 22380 22390
     10190    TERM   10610 14691 15066 16110 16350 17650 27190 27320 31550 36630
                     36970 37040
     17520    TESTB  17430 17550 17560
     10870    TFLER  14720
     12830    TFTMP  13310
     11390    TITLE  11170
     10700    TMP    12830 12890 12910 13070 13080 13230 15990 16000 16010 16500
                     16560
     13830    TNMBR  13750 13840 13920
     12660    TPRIM  13060 13380
     11520    TR     11450 11460 15270 17812 18330
     23820    TRACE  21570
     25280    TRIND  22340 22400 22430 24000 24010
     24630    TRNS   22000 22260 22510 24540 24640 26100 26130 26240 26330 28220
                     35530 35640 36330 37770 37790
     23880    TRTRP  23820 23910 24550
     13270    TR68   13100
     21570    TTEST  21580 22100 22120 22140
     17794    T23ER  16700
     11680    T5     12040
     11780    T5A    11690
     25530    WDOUT  25570 25590 25620 25640 25800 25970 26040 26150 26180 26260
                     26300 27900 36100
     25690    WDSW   26060 26280
     26050    WORD   25690 26000
     10420    WORK   12590 12610 12620 12800 12810 12830 12840 12850 12850 13000
                     13010 13300 13400 13410 13410 13430 13440 13460
     24230    WRITE  22010 22310 22520 24170 24280 24320 26400 37810
     17975    WTEST  17920
     20920    WO     20070 20940 20950 21070 21090 21110 27040 27070 27090 27110
                     32150 32180 32190 32240 32320 32350 32360 32400 32410 35480
                     35540 35550 35720
     20930    W1     32290 32340 32410
     20940    W10    34350 34470
     20950    W11    20960 33060
     20980    W12    22490
     21000    W13    21940 22000
     21020    W14    22260 22290
     21040    W15    21050
     21050    W16    21060
     21060    W17
     21070    W20    28000
     21080    W21    36380
     21090    W24    36390
     21100    W25    36380
     21110    W26    21120 36480 36610
     21120    W27    21130 36430 36460 36700 37770
     21130    W28    21140 36440 36470 36510 36710 37790
     21140    W29    21150 21910 22170 22180
     21150    W30    21160
     21160    W31    21170 22320
     21170    W32    21180 23650
     21200    W33    21210 21290 21480
     21210    W34    11330 20070 21220
     10120    ZERO   11570 12460 12670 13570 13740 17510 17740 17871 18880
     10110    ZEROS  24630 25530 25550 28250 31810 35650 37250 37540
     10510   ABSIND  13810 13940 14100 15760 15810 15860 15920 18840
     00000   ABSTST  14030
     10541   ADJIND  11811 11814 13980
     23630   ADJRES  21430 22200 23700
     21890   ASCND1  21650
     21720   ASCND2  22670
     21940   ASCND3  21900
     12170   BADADR  12210 12250 12270
     27370   BADIND  27330 27430 27440 27490 27500 32480 32630 32780 32960 33180
                     33270 33360 33450 33540 33630 34060 34370
     27310   BADSET  27340 32490 32640 32790 32970 33230 33320 33410 33500 33590
                     33680 34100 34500
     28290   BCWTST  28400 36080
     26550   CHEKH5  26350 26560 32220 32380 36530 36650 37150
     17840   CKIPL2  18430 18440 18470 18510 18550
     10270   CLEARA  10990 11010 11020 11150 11160 11910 11920 12420 12581 12581
                     13505 13530 19250 19260 19300 19785
     13740   COLSYM  11680 12070 12750 13560 13770 13790 13820 13850 13860 15285
                     15290 15750 15800 15850 15910 16720 16920 17090 17120 17811
                     17840 17990 18170 18480 18500 18670 18800
     18170   COMMON  18801 18840 18860
     19300   COMPR1  19240 19470
     19340   CPQSYM  19570
     27960   DATIND  27880 27950 36150
     27880   DATOUT  27930 27970 28260 36140
     15990   DEFREG  16510 16690
     24070   ENDALL  21510 21680 23080 24060
     15180   ERNPCH  15100 15110
     15260   ERREAD  15260
     15210   ERREND  12570 12870 14720 16700
     15240   ERRPCH  15240 16790 17000 17470
     15090   ERTYPE  11660 11880 12121 12170 12480 12567 13330 13690 14410 14420
                     15140 15200 15210 15240 15260 15310 15360 15870 15930 15960
                     16950 17040 17070 17391 18160 18290 19130
     19170   FLOAT1  19050 19070
     14860   FNDABS  14790
     17380   FNDBLK  16520 16730 17100 17590
     18670   FOUNDS  18210
     18260   GETONE  17850
     10990   GOGOGO  11410 11430
     25330   H2IIND  21320 21370 21380 22190
     25300   H3DIND  21310 21330 21470
     10820   ILDATA  19130
     10800   ILLADR  12170
     10790   ILTYPE  12567 12570 15960
     25460   INTERU  22230
     26410   INTTOP  25560
     32590   JJ110A  32550
     32740   JJ111A  32700
     32920   JJ112A  32880
     33090   JJ113A  33000
     33140   JJ113B  33100
     33230   JJ114A  33180
     33320   JJ115A  33270
     33410   JJ116A  33360
     33500   JJ117A  33450
     33590   JJ118A  33540
     33680   JJ119A  33630
     34100   JJ125A  34060
     34500   JJ129A  34370
     34790   JJ133A  34820 34840
     35020   JJ137A  34980
     35200   JJ147A  35130 35140 35150
     35160   JJ147B  35210
     35260   JJ147C  35170
     36010   JJ150B  35480 35520 35570 35570 35580
     35570   JJ150C  35520
     35500   JJ150E  35590
     36140   JJ151A  36080
     36120   JJ151B  36160
     36190   JJ151C  36270
     36290   JJ151D  36180 36190 36210 36230 36250 36250
     36540   JJ170A  36660
     36600   JJ170B  36530
     36700   JJ170C  36550
     27670   J17LNK  27730 32160 32300
     27770   J19LNK  32170 32220 32380 32430
     18420   LAHEAD  17830
     10860   LNKERR  18290
     10560   LNKIND  18180 18280 18710 18920
     10590   LSTIND  11570 11890 18060 18450
     35880   LTOUT1  35930
     17260   MARKBK  16750 17330 17350 17590
     10220   MEMCAP  11120 11130 11190 11250 11360 12200 16060 16980 17450 19835
                     25580
     25470   MONITE  21970
     25390   MONITP  22450
     10730   MPTERM  11290 17310
     17793   MREGER  16790
     17811   NLOAD1  12000
     18320   NOLOAD  17960 17975 17977
     10470   NXTCEL  18010 18050 18230 18640 18700
     19640   OKLINK  19400 19600
     12180   OKLOAD  11440 12171
     25490   OPCODE  23070
     10880   ORDERR  13690 15870 15930
     10910   OVFLER  17000 17470
     12600   PBLKWD  12080 12110 12980
     10580   PCHIND  11460 11590 12280 15110 18570
     26640   POPNEG  26650 30150 30210 31500 31730 31840 31880 34300 34560 34670
                     34730 34810 36820
     26610   POPPOS  26620 30160 31490 31770 31830 34310 34550 34620 34720 34860
                     37650
     10900   PRIMER  12870
     21610   PRIMSW  21870 22600 23830 26400
     28120   PRINT1  28060 28080
     14600   PUTLCL  14520
     10740   REASON  11110 16270
     10540   REGIND  11690 13740 14220 14320 14750 16510 16780 17060 17812 17870
                     18791
     14080   REGION  13910
     13070   RELOC1  11525 12584 12970
     24180   REPEAT  24080 24200
     12020   RERIND  14330 16030
     17610   RESBLK  17150 17680 17700
     17660   RESRV1  17640 17720 17730 17750 17770
     17720   RESRV2  17620
     10950   SAVEH1  11710 13560
     10460   SAVEH2  13490 13500 16460 18010 18260 18270
     10920   SAVREG  15131 17874
     16890   SETRWD  16740 16990 17110
     19420   SHFTBL  19620
     13850   SHIFT2  13800
     10940   SRTMES  10950 13540
     10890   SUBERR  13330
     10600   SUBIND  12120 13405 15311 17890 18555
     10773   SYMBER  12121 17070
     28200   SYMOUT  28270 35450 35530 36070 36220 36330 36340
     15330   TELSLO  14490 14620 17880
     18230   TERMIT  17980 18040
     17800   TESAHI  11850 14760 14880
     23300   TFH2SP  23270
     25500   THEEND  24070
     19590   TMLINK  19410
     17320   TOOLOW  17280 17290 17300
     26200   TRACE1  23840
     25290   TRAPID  21980 22240 22460 24110 24280 26340 37800
     37820   TRAPMS  37750
     10745   TRMMES  15215
     10430   TRMSYM  12500
     10810   UDFREG  14410
